sum_total_time=3.9119999999999986
avg_total_time=3.9119999999999986
sum_exec_rules=23.0
avg_exec_rules=23.0
total_io_time=NaN
total_cpu_time=2.34
total_sfe=4.0
balanced_time=0.0
